alpha      Beta       CL          CDi        CDv        CD         CY         Cl         Cm         Cn        Cni       QInf        XCP
-10.000     0.000   0.102438   0.000703   0.103831   0.104534   0.000000  -0.000000  -0.300924   0.000000   0.000000   13.0000     1.3679
-9.500     0.000   0.140261   0.001209   0.095484   0.096693   0.000000  -0.000000  -0.312887   0.000000   0.000000   13.0000     1.0330
-9.000     0.000   0.178089   0.001871   0.089680   0.091551   0.000000  -0.000000  -0.324689   0.000000   0.000000   13.0000     0.8403
-8.500     0.000   0.215914   0.002688   0.085444   0.088131   0.000000  -0.000000  -0.336393   0.000000   0.000000   13.0000     0.7151
-8.000     0.000   0.253731   0.003661   0.081250   0.084911   0.000000  -0.000000  -0.348078   0.000000   0.000000   13.0000     0.6272
-7.500     0.000   0.291531   0.004790   0.064637   0.069427   0.000000  -0.000000  -0.360266   0.000000   0.000000   13.0000     0.5621
-7.000     0.000   0.329309   0.006075   0.056511   0.062585   0.000000  -0.000000  -0.372030   0.000000   0.000000   13.0000     0.5120
-6.500     0.000   0.367057   0.007515   0.050740   0.058256   0.000000  -0.000000  -0.383658   0.000000   0.000000   13.0000     0.4721
-6.000     0.000   0.404767   0.009111   0.047130   0.056241   0.000000  -0.000000  -0.395171   0.000000   0.000000   13.0000     0.4397
-5.500     0.000   0.442434   0.010862   0.043706   0.054568   0.000000  -0.000000  -0.406648   0.000000   0.000000   13.0000     0.4128
-5.000     0.000   0.480050   0.012767   0.040519   0.053286   0.000000  -0.000000  -0.418084   0.000000   0.000000   13.0000     0.3901
-4.500     0.000   0.517609   0.014826   0.037352   0.052178   0.000000  -0.000000  -0.429485   0.000000   0.000000   13.0000     0.3707
-4.000     0.000   0.555103   0.017038   0.034168   0.051206   0.000000  -0.000000  -0.440847   0.000000   0.000000   13.0000     0.3540
-3.500     0.000   0.592525   0.019402   0.032410   0.051812   0.000000  -0.000000  -0.452139   0.000000   0.000000   13.0000     0.3393
-3.000     0.000   0.629869   0.021918   0.030856   0.052774   0.000000  -0.000000  -0.463389   0.000000   0.000000   13.0000     0.3264
-2.500     0.000   0.667128   0.024583   0.029305   0.053888   0.000000  -0.000000  -0.474600   0.000000   0.000000   13.0000     0.3149
-2.000     0.000   0.704295   0.027397   0.027902   0.055299   0.000000  -0.000000  -0.485765   0.000000   0.000000   13.0000     0.3047
-1.500     0.000   0.741363   0.030359   0.026569   0.056928   0.000000  -0.000000  -0.496883   0.000000   0.000000   13.0000     0.2954
-1.000     0.000   0.778325   0.033467   0.025245   0.058712   0.000000  -0.000000  -0.507953   0.000000   0.000000   13.0000     0.2871
-0.500     0.000   0.815176   0.036719   0.024025   0.060744   0.000000  -0.000000  -0.518970   0.000000   0.000000   13.0000     0.2794
0.000     0.000   0.851907   0.040113   0.022864   0.062977   0.000000  -0.000000  -0.529933   0.000000   0.000000   13.0000     0.2725
0.500     0.000   0.888514   0.043649   0.021755   0.065404   0.000000  -0.000000  -0.540837   0.000000   0.000000   13.0000     0.2661
1.000     0.000   0.924988   0.047324   0.020682   0.068006   0.000000  -0.000000  -0.551680   0.000000   0.000000   13.0000     0.2602
1.500     0.000   0.961324   0.051136   0.019777   0.070913   0.000000  -0.000000  -0.562461   0.000000   0.000000   13.0000     0.2547
2.000     0.000   0.997516   0.055083   0.019278   0.074361   0.000000  -0.000000  -0.573180   0.000000   0.000000   13.0000     0.2496
2.500     0.000   1.033556   0.059163   0.018939   0.078102   0.000000  -0.000000  -0.583834   0.000000   0.000000   13.0000     0.2449
3.000     0.000   1.069438   0.063373   0.018780   0.082153   0.000000  -0.000000  -0.594421   0.000000   0.000000   13.0000     0.2405
3.500     0.000   1.105157   0.067710   0.018741   0.086452   0.000000  -0.000000  -0.604938   0.000000   0.000000   13.0000     0.2363
4.000     0.000   1.140706   0.072174   0.018800   0.090973   0.000000  -0.000000  -0.615383   0.000000   0.000000   13.0000     0.2324
4.500     0.000   1.176079   0.076760   0.018940   0.095700   0.000000  -0.000000  -0.625753   0.000000   0.000000   13.0000     0.2287
5.000     0.000   1.211270   0.081466   0.019108   0.100574   0.000000  -0.000000  -0.636045   0.000000   0.000000   13.0000     0.2253
5.500     0.000   1.246274   0.086290   0.019331   0.105620   0.000000  -0.000000  -0.646255   0.000000   0.000000   13.0000     0.2220
6.000     0.000   1.281083   0.091227   0.019612   0.110839   0.000000  -0.000000  -0.656382   0.000000   0.000000   13.0000     0.2189
6.500     0.000   1.315693   0.096277   0.019928   0.116205   0.000000  -0.000000  -0.666421   0.000000   0.000000   13.0000     0.2159
7.000     0.000   1.350097   0.101434   0.020211   0.121645   0.000000  -0.000000  -0.676369   0.000000   0.000000   13.0000     0.2131
7.500     0.000   1.384291   0.106696   0.020507   0.127204   0.000000  -0.000000  -0.686223   0.000000   0.000000   13.0000     0.2103
8.000     0.000   1.418268   0.112061   0.020826   0.132886   0.000000  -0.000000  -0.695980   0.000000   0.000000   13.0000     0.2078
8.500     0.000   1.452023   0.117523   0.021118   0.138641   0.000000  -0.000000  -0.705637   0.000000   0.000000   13.0000     0.2053
9.000     0.000   1.485551   0.123081   0.021394   0.144475   0.000000  -0.000000  -0.715189   0.000000   0.000000   13.0000     0.2029
9.500     0.000   1.518847   0.128730   0.021660   0.150390   0.000000  -0.000000  -0.724635   0.000000   0.000000   13.0000     0.2006
10.000     0.000   1.551905   0.134467   0.021945   0.156412   0.000000  -0.000000  -0.733973   0.000000   0.000000   13.0000     0.1984
10.500     0.000   1.584721   0.140288   0.022241   0.162529   0.000000  -0.000000  -0.743200   0.000000   0.000000   13.0000     0.1963
11.000     0.000   1.617289   0.146190   0.022541   0.168731   0.000000  -0.000000  -0.752313   0.000000   0.000000   13.0000     0.1942
11.500     0.000   1.649605   0.152169   0.022880   0.175049   0.000000  -0.000000  -0.761311   0.000000   0.000000   13.0000     0.1922
12.000     0.000   1.681664   0.158220   0.023272   0.181492   0.000000  -0.000000  -0.770193   0.000000   0.000000   13.0000     0.1903
12.500     0.000   1.713461   0.164340   0.023745   0.188085   0.000000  -0.000000  -0.778958   0.000000   0.000000   13.0000     0.1884
13.000     0.000   1.744992   0.170525   0.024225   0.194750   0.000000  -0.000000  -0.787600   0.000000   0.000000   13.0000     0.1866
13.500     0.000   1.776252   0.176771   0.024676   0.201447   0.000000  -0.000000  -0.796112   0.000000   0.000000   13.0000     0.1849
14.000     0.000   1.807238   0.183074   0.025155   0.208229   0.000000  -0.000000  -0.804498   0.000000   0.000000   13.0000     0.1831
14.500     0.000   1.837945   0.189430   0.025668   0.215098   0.000000  -0.000000  -0.812754   0.000000  -0.000000   13.0000     0.1815
15.000     0.000   1.868368   0.195833   0.026195   0.222029   0.000000  -0.000000  -0.820877  -0.000000  -0.000000   13.0000     0.1798
15.500     0.000   1.898505   0.202281   0.026726   0.229008   0.000000  -0.000000  -0.828863  -0.000000  -0.000000   13.0000     0.1782
16.000     0.000   1.928351   0.208769   0.027279   0.236049   0.000000  -0.000000  -0.836712  -0.000000  -0.000000   13.0000     0.1767
16.500     0.000   1.957903   0.215293   0.027839   0.243132   0.000000  -0.000000  -0.844421  -0.000000  -0.000000   13.0000     0.1751
17.000     0.000   1.987157   0.221847   0.028402   0.250249   0.000000  -0.000000  -0.851987  -0.000000  -0.000000   13.0000     0.1736
17.500     0.000   2.016110   0.228428   0.028968   0.257397   0.000000  -0.000000  -0.859406  -0.000000  -0.000000   13.0000     0.1722
18.000     0.000   2.044758   0.235032   0.029572   0.264604   0.000000  -0.000000  -0.866682  -0.000000  -0.000000   13.0000     0.1707
18.500     0.000   2.073098   0.241653   0.030247   0.271901   0.000000  -0.000000  -0.873815  -0.000000  -0.000000   13.0000     0.1693
19.000     0.000   2.101127   0.248288   0.031029   0.279317   0.000000  -0.000000  -0.880807  -0.000000  -0.000000   13.0000     0.1679
19.500     0.000   2.128843   0.254931   0.031951   0.286882   0.000000  -0.000000  -0.887660  -0.000000  -0.000000   13.0000     0.1665
20.000     0.000   2.156242   0.261579   0.032912   0.294491   0.000000  -0.000000  -0.894364  -0.000000  -0.000000   13.0000     0.1652


